<?xml version="1.0" encoding="UTF-8" standalone="no" ?>
<COLLADA xmlns="http://www.collada.org/2005/11/COLLADASchema" version="1.4.1">
    <asset>
        <contributor>
            <authoring_tool>SketchUp 7.0.8657</authoring_tool>
        </contributor>
        <created>2017-12-17T01:52:02Z</created>
        <modified>2017-12-17T01:52:02Z</modified>
        <unit meter="0.0254" name="inch" />
        <up_axis>Z_UP</up_axis>
    </asset>
    <library_cameras>
        <camera id="ID1" name="skp_camera_Last_Saved_SketchUp_View">
            <optics>
                <technique_common>
                    <perspective>
                        <yfov>35</yfov>
                        <aspect_ratio>0</aspect_ratio>
                        <znear>1</znear>
                        <zfar>1000</zfar>
                    </perspective>
                </technique_common>
            </optics>
        </camera>
    </library_cameras>
    <library_visual_scenes>
        <visual_scene id="ID2">
            <node name="SketchUp">
                <node name="skp_camera_Last_Saved_SketchUp_View">
                    <matrix>0.9951147 0.01116283 0.09809269 3086.958 0.0987258 -0.1125166 -0.9887332 -4899.235 1.734723e-18 0.9935871 -0.113069 1469.859 0 0 0 1</matrix>
                    <instance_camera url="#ID1" />
                </node>
                <node id="ID3" name="group_0">
                    <matrix>1 0 0 0 0 1 0 0 0 0 1 0 0 0 0 1</matrix>
                    <node id="ID4" name="group_1">
                        <matrix>-0.6427876 -0.7660444 -6.339238e-17 2466.264 0.7660444 -0.6427876 2.365836e-16 1343.195 -2.219814e-16 1.035116e-16 1 8035.625 0 0 0 1</matrix>
                        <instance_geometry url="#ID5">
                            <bind_material>
                                <technique_common>
                                    <instance_material symbol="Material2" target="#ID6">
                                        <bind_vertex_input semantic="UVSET0" input_semantic="TEXCOORD" input_set="0" />
                                    </instance_material>
                                </technique_common>
                            </bind_material>
                        </instance_geometry>
                        <instance_geometry url="#ID18">
                            <bind_material>
                                <technique_common>
                                    <instance_material symbol="Material2" target="#ID19">
                                        <bind_vertex_input semantic="UVSET0" input_semantic="TEXCOORD" input_set="0" />
                                    </instance_material>
                                </technique_common>
                            </bind_material>
                        </instance_geometry>
                        <instance_geometry url="#ID24">
                            <bind_material>
                                <technique_common>
                                    <instance_material symbol="Material2" target="#ID19">
                                        <bind_vertex_input semantic="UVSET0" input_semantic="TEXCOORD" input_set="0" />
                                    </instance_material>
                                </technique_common>
                            </bind_material>
                        </instance_geometry>
                        <instance_geometry url="#ID28">
                            <bind_material>
                                <technique_common>
                                    <instance_material symbol="Material2" target="#ID19">
                                        <bind_vertex_input semantic="UVSET0" input_semantic="TEXCOORD" input_set="0" />
                                    </instance_material>
                                </technique_common>
                            </bind_material>
                        </instance_geometry>
                        <instance_geometry url="#ID32">
                            <bind_material>
                                <technique_common>
                                    <instance_material symbol="Material2" target="#ID19">
                                        <bind_vertex_input semantic="UVSET0" input_semantic="TEXCOORD" input_set="0" />
                                    </instance_material>
                                </technique_common>
                            </bind_material>
                        </instance_geometry>
                    </node>
                    <node id="ID36" name="instance_0">
                        <matrix>0.9659258 0.258819 0 889.5573 -0.258819 0.9659258 0 1113.084 0 -0 1 9.094947e-13 0 0 0 1</matrix>
                        <instance_node url="#ID37" />
                    </node>
                    <node id="ID213" name="instance_145">
                        <matrix>0.9659258 -0.258819 0 1653.085 0.258819 0.9659258 0 1050.765 -0 0 1 9.094947e-13 0 0 0 1</matrix>
                        <instance_node url="#ID37" />
                    </node>
                    <node id="ID214" name="instance_146">
                        <matrix>0.9396926 -0.3420201 6.162976e-32 523.1995 0.3420201 0.9396926 -4.930381e-32 -298.8516 -4.105013e-32 6.740904e-32 1 698.75 0 0 0 1</matrix>
                        <instance_node url="#ID215" />
                    </node>
                    <node id="ID292" name="instance_171">
                        <matrix>0.8660254 -0.5 -6.162976e-33 821.5631 0.5 0.8660254 8.758115e-47 -426.5222 5.337294e-33 -3.081488e-33 1 1048.125 0 0 0 1</matrix>
                        <instance_node url="#ID215" />
                    </node>
                    <node id="ID293" name="instance_172">
                        <matrix>0.4226183 -0.9063078 -2.46519e-32 1941.189 0.9063078 0.4226183 1.232595e-31 -439.5413 -1.012927e-31 -7.443393e-32 1 2270.938 0 0 0 1</matrix>
                        <instance_node url="#ID215" />
                    </node>
                    <node id="ID294" name="instance_173">
                        <matrix>0.6427876 -0.7660444 3.284293e-47 1461.6 0.7660444 0.6427876 4.930381e-32 -518.3676 -3.776891e-32 -3.169188e-32 1 1746.875 0 0 0 1</matrix>
                        <instance_node url="#ID215" />
                    </node>
                    <node id="ID295" name="instance_174">
                        <matrix>0.7071068 -0.7071068 1.232595e-32 1299.19 0.7071068 0.7071068 9.860761e-32 -516.4791 -7.844188e-32 -6.101035e-32 1 1572.188 0 0 0 1</matrix>
                        <instance_node url="#ID215" />
                    </node>
                    <node id="ID296" name="instance_175">
                        <matrix>-0.9659258 0.258819 -6.339238e-17 2420.551 -0.258819 -0.9659258 2.365836e-16 2900.949 -1.176907e-27 2.449294e-16 1 6812.812 0 0 0 1</matrix>
                        <instance_node url="#ID215" />
                    </node>
                    <node id="ID297" name="instance_176">
                        <matrix>-0.7071068 -0.7071068 -6.339238e-17 3260.97 0.7071068 -0.7071068 2.365836e-16 1239.637 -2.12115e-16 1.224647e-16 1 4716.562 0 0 0 1</matrix>
                        <instance_node url="#ID215" />
                    </node>
                    <node id="ID298" name="instance_177">
                        <matrix>-0.5735764 -0.819152 -6.339238e-17 3214.872 0.819152 -0.5735764 2.365836e-16 918.3963 -2.301583e-16 8.377077e-17 1 4367.187 0 0 0 1</matrix>
                        <instance_node url="#ID215" />
                    </node>
                    <node id="ID299" name="instance_178">
                        <matrix>-0.9396926 0.3420201 -6.339238e-17 2280.844 -0.3420201 -0.9396926 2.365836e-16 2983.789 2.1347e-17 2.439973e-16 1 6987.5 0 0 0 1</matrix>
                        <instance_node url="#ID215" />
                    </node>
                    <node id="ID300" name="instance_179">
                        <matrix>-0.3420201 -0.9396926 -6.339238e-17 3043.342 0.9396926 -0.3420201 2.365836e-16 463.6463 -2.439973e-16 2.1347e-17 1 3843.125 0 0 0 1</matrix>
                        <instance_node url="#ID215" />
                    </node>
                    <node id="ID301" name="instance_180">
                        <matrix>-0.5 -0.8660254 -6.339238e-17 3171.013 0.8660254 -0.5 2.365836e-16 762.0098 -2.365836e-16 6.339238e-17 1 4192.5 0 0 0 1</matrix>
                        <instance_node url="#ID215" />
                    </node>
                    <node id="ID302" name="instance_181">
                        <matrix>-1 -7.68785e-12 -6.339238e-17 2789.209 7.68785e-12 -1 2.365836e-16 2584.23 -6.339238e-17 2.365836e-16 1 6288.75 0 0 0 1</matrix>
                        <instance_node url="#ID215" />
                    </node>
                    <node id="ID303" name="instance_182">
                        <matrix>-0.819152 0.5735764 -6.339238e-17 1826.094 -0.5735764 -0.819152 2.365836e-16 3155.318 8.377077e-17 2.301583e-16 1 7511.563 0 0 0 1</matrix>
                        <instance_node url="#ID215" />
                    </node>
                    <node id="ID304" name="instance_183">
                        <matrix>-0.9961947 0.08715574 -6.339238e-17 2675.704 -0.08715574 -0.9961947 2.365836e-16 2700.406 -4.253154e-17 2.412083e-16 1 6463.438 0 0 0 1</matrix>
                        <instance_node url="#ID215" />
                    </node>
                    <node id="ID305" name="instance_184">
                        <matrix>-0.9396926 -0.3420201 -6.339238e-17 3130.259 0.3420201 -0.9396926 2.365836e-16 2034.897 -1.404857e-16 2.006344e-16 1 5590 0 0 0 1</matrix>
                        <instance_node url="#ID215" />
                    </node>
                    <node id="ID306" name="instance_185">
                        <matrix>-0.9961947 -0.08715574 -6.339238e-17 2892.157 0.08715574 -0.9961947 2.365836e-16 2458.604 -8.377077e-17 2.301583e-16 1 6114.063 0 0 0 1</matrix>
                        <instance_node url="#ID215" />
                    </node>
                    <node id="ID307" name="instance_186">
                        <matrix>-0.7660444 -0.6427876 -6.339238e-17 3262.858 0.6427876 -0.7660444 2.365836e-16 1402.046 -2.006344e-16 1.404857e-16 1 4891.25 0 0 0 1</matrix>
                        <instance_node url="#ID215" />
                    </node>
                    <node id="ID308" name="instance_187">
                        <matrix>0.258819 -0.9659258 -1.479114e-31 2242.441 0.9659258 0.258819 1.479114e-31 -318.8431 -1.045892e-31 -1.811538e-31 1 2620.313 0 0 0 1</matrix>
                        <instance_node url="#ID215" />
                    </node>
                    <node id="ID309" name="instance_188">
                        <matrix>-0.258819 -0.9659258 -1.479114e-31 2960.502 0.9659258 -0.258819 -9.860761e-32 323.94 5.696535e-32 -1.68393e-31 1 3668.438 0 0 0 1</matrix>
                        <instance_node url="#ID215" />
                    </node>
                    <node id="ID310" name="instance_189">
                        <matrix>0.3420201 -0.9396926 2.46519e-32 2094.45 0.9396926 0.3420201 2.46519e-32 -385.7687 -3.159666e-32 1.473376e-32 1 2445.625 0 0 0 1</matrix>
                        <instance_node url="#ID215" />
                    </node>
                    <node id="ID311" name="instance_190">
                        <matrix>0.9848078 -0.1736482 1.109336e-31 251.5386 0.1736482 0.9848078 6.568587e-47 -121.3104 -1.092482e-31 1.926341e-32 1 349.375 0 0 0 1</matrix>
                        <instance_node url="#ID215" />
                    </node>
                    <node id="ID312" name="instance_191">
                        <matrix>4.805267e-12 -1 2.46519e-32 2643.783 1 4.805267e-12 1.232595e-32 -44.71885 -1.232595e-32 2.46519e-32 1 3144.375 0 0 0 1</matrix>
                        <instance_node url="#ID215" />
                    </node>
                    <node id="ID313" name="instance_192">
                        <matrix>-0.9063078 -0.4226183 -6.339238e-17 3184.032 0.4226183 -0.9063078 2.365836e-16 1881.636 -1.574376e-16 1.876268e-16 1 5415.313 0 0 0 1</matrix>
                        <instance_node url="#ID215" />
                    </node>
                    <node id="ID314" name="instance_193">
                        <matrix>0.819152 -0.5735764 -4.314083e-32 977.9496 0.5735764 0.819152 1.972152e-31 -470.3809 -7.777911e-32 -1.862938e-31 1 1222.813 0 0 0 1</matrix>
                        <instance_node url="#ID215" />
                    </node>
                    <node id="ID315" name="instance_194">
                        <matrix>-0.08715574 -0.9961947 -1.479114e-31 2759.96 0.9961947 -0.08715574 3.697785e-32 68.78647 -4.972847e-32 -1.441257e-31 1 3319.063 0 0 0 1</matrix>
                        <instance_node url="#ID215" />
                    </node>
                    <node id="ID316" name="instance_195">
                        <matrix>0.7660444 -0.6427876 -1.232595e-32 1137.564 0.6427876 0.7660444 1.479114e-31 -500.4428 -8.56334e-32 -1.212297e-31 1 1397.5 0 0 0 1</matrix>
                        <instance_node url="#ID215" />
                    </node>
                    <node id="ID317" name="instance_196">
                        <matrix>-0.6427876 -0.7660444 -6.339238e-17 3244.933 0.7660444 -0.6427876 2.365836e-16 1078.01 -2.219814e-16 1.035116e-16 1 4541.875 0 0 0 1</matrix>
                        <instance_node url="#ID215" />
                    </node>
                    <node id="ID318" name="instance_197">
                        <matrix>-0.4226183 -0.9063078 -6.339238e-17 3113.691 0.9063078 -0.4226183 2.365836e-16 610.0409 -2.412083e-16 4.253154e-17 1 4017.813 0 0 0 1</matrix>
                        <instance_node url="#ID215" />
                    </node>
                    <node id="ID319" name="instance_198">
                        <matrix>-0.7660444 0.6427876 -6.339238e-17 1666.48 -0.6427876 -0.7660444 2.365836e-16 3185.38 1.035116e-16 2.219814e-16 1 7686.25 0 0 0 1</matrix>
                        <instance_node url="#ID215" />
                    </node>
                    <node id="ID320" name="instance_199">
                        <matrix>-0.8660254 -0.5 -6.339238e-17 3224.242 0.5 -0.8660254 2.365836e-16 1724.272 -1.731912e-16 1.731912e-16 1 5240.625 0 0 0 1</matrix>
                        <instance_node url="#ID215" />
                    </node>
                    <node id="ID321" name="instance_200">
                        <matrix>-0.9063078 0.4226183 -6.339238e-17 2134.45 -0.4226183 -0.9063078 2.365836e-16 3054.138 4.253154e-17 2.412083e-16 1 7162.188 0 0 0 1</matrix>
                        <instance_node url="#ID215" />
                    </node>
                    <node id="ID322" name="instance_201">
                        <matrix>-0.819152 -0.5735764 -6.339238e-17 3250.585 0.5735764 -0.819152 2.365836e-16 1564.002 -1.876268e-16 1.574376e-16 1 5065.938 0 0 0 1</matrix>
                        <instance_node url="#ID215" />
                    </node>
                    <node id="ID323" name="instance_202">
                        <matrix>-0.9848078 -0.1736482 -6.339238e-17 2983.765 0.1736482 -0.9848078 2.365836e-16 2324.482 -1.035116e-16 2.219814e-16 1 5939.375 0 0 0 1</matrix>
                        <instance_node url="#ID215" />
                    </node>
                    <node id="ID324" name="instance_203">
                        <matrix>-0.9848078 0.1736482 -6.339238e-17 2552.505 -0.1736482 -0.9848078 2.365836e-16 2806.248 -2.1347e-17 2.439973e-16 1 6638.125 0 0 0 1</matrix>
                        <instance_node url="#ID215" />
                    </node>
                    <node id="ID325" name="instance_204">
                        <matrix>-0.8660254 0.5 -6.339238e-17 1982.481 -0.5 -0.8660254 2.365836e-16 3111.459 6.339238e-17 2.365836e-16 1 7336.875 0 0 0 1</matrix>
                        <instance_node url="#ID215" />
                    </node>
                    <node id="ID326" name="instance_205">
                        <matrix>-0.7071068 0.7071068 -6.339238e-17 1504.854 -0.7071068 -0.7071068 2.365836e-16 3201.416 1.224647e-16 2.12115e-16 1 7860.938 0 0 0 1</matrix>
                        <instance_node url="#ID215" />
                    </node>
                    <node id="ID327" name="instance_206">
                        <matrix>-0.9659258 -0.258819 -6.339238e-17 3063.334 0.258819 -0.9659258 2.365836e-16 2182.888 -1.224647e-16 2.12115e-16 1 5764.688 0 0 0 1</matrix>
                        <instance_node url="#ID215" />
                    </node>
                    <node id="ID328" name="instance_207">
                        <matrix>0.9659258 -0.258819 4.930381e-32 383.4932 0.258819 0.9659258 1.479114e-31 -216.0115 -8.590611e-32 -1.301107e-31 1 524.0625 0 0 0 1</matrix>
                        <instance_node url="#ID215" />
                    </node>
                    <node id="ID329" name="instance_208">
                        <matrix>0.9063078 -0.4226183 -1.109336e-31 669.5942 0.4226183 0.9063078 1.479114e-31 -369.2003 3.802989e-32 -1.809358e-31 1 873.4375 0 0 0 1</matrix>
                        <instance_node url="#ID215" />
                    </node>
                    <node id="ID330" name="instance_209">
                        <matrix>0.08715574 -0.9961947 -2.46519e-32 2518.157 0.9961947 0.08715574 -2.189529e-47 -147.6668 2.148555e-33 -2.45581e-32 1 2969.688 0 0 0 1</matrix>
                        <instance_node url="#ID215" />
                    </node>
                    <node id="ID331" name="instance_210">
                        <matrix>0.5735764 -0.819152 8.210733e-48 1623.555 0.819152 0.5735764 -2.46519e-32 -506.094 2.019366e-32 1.413975e-32 1 1921.563 0 0 0 1</matrix>
                        <instance_node url="#ID215" />
                    </node>
                    <node id="ID332" name="instance_211">
                        <matrix>-0.1736482 -0.9848078 -1.479114e-31 2865.801 0.9848078 -0.1736482 1.232595e-32 191.9853 -3.782324e-32 -1.435239e-31 1 3493.75 0 0 0 1</matrix>
                        <instance_node url="#ID215" />
                    </node>
                    <node id="ID333" name="instance_212">
                        <matrix>0.1736482 -0.9848078 -2.46519e-32 2384.036 0.9848078 0.1736482 4.930381e-32 -239.274 -4.427401e-32 -3.28389e-32 1 2795 0 0 0 1</matrix>
                        <instance_node url="#ID215" />
                    </node>
                    <node id="ID334" name="instance_213">
                        <matrix>0.5 -0.8660254 -2.958228e-31 1783.825 0.8660254 0.5 7.395571e-32 -479.7518 8.38639e-32 -2.931679e-31 1 2096.25 0 0 0 1</matrix>
                        <instance_node url="#ID215" />
                    </node>
                    <node id="ID335" name="instance_214">
                        <matrix>1 0 0 570.4594 0 1 0 365.4802 0 0 1 39 0 0 0 1</matrix>
                        <instance_node url="#ID336" />
                    </node>
                    <node id="ID352" name="instance_215">
                        <matrix>0.9961947 -0.08715574 8.628166e-32 2323.401 0.08715574 0.9961947 1.479114e-31 435.5299 -9.884466e-32 -1.398286e-31 1 213.6875 0 0 0 1</matrix>
                        <instance_node url="#ID353" />
                    </node>
                    <node id="ID362" name="instance_216">
                        <matrix>0.9961947 -0.08715574 8.628166e-32 2562.221 0.08715574 0.9961947 1.479114e-31 820.8509 -9.884466e-32 -1.398286e-31 1 213.6875 0 0 0 1</matrix>
                        <instance_node url="#ID353" />
                    </node>
                    <node id="ID363" name="instance_217">
                        <matrix>0.9961947 -0.08715574 8.628166e-32 2665.134 0.08715574 0.9961947 1.479114e-31 1180.493 -9.884466e-32 -1.398286e-31 1 213.6875 0 0 0 1</matrix>
                        <instance_node url="#ID353" />
                    </node>
                    <node id="ID364" name="instance_218">
                        <matrix>0.9961947 -0.08715574 8.628166e-32 2599.132 0.08715574 0.9961947 1.479114e-31 1545.752 -9.884466e-32 -1.398286e-31 1 213.6875 0 0 0 1</matrix>
                        <instance_node url="#ID353" />
                    </node>
                    <node id="ID365" name="instance_219">
                        <matrix>0.9961947 -0.08715574 8.628166e-32 1034.004 0.08715574 0.9961947 1.479114e-31 2309.433 -9.884466e-32 -1.398286e-31 1 213.6875 0 0 0 1</matrix>
                        <instance_node url="#ID353" />
                    </node>
                    <node id="ID366" name="instance_220">
                        <matrix>0.9961947 -0.08715574 8.628166e-32 1730.853 0.08715574 0.9961947 1.479114e-31 2147.849 -9.884466e-32 -1.398286e-31 1 213.6875 0 0 0 1</matrix>
                        <instance_node url="#ID353" />
                    </node>
                    <node id="ID367" name="instance_221">
                        <matrix>0.9961947 -0.08715574 8.628166e-32 1202.9 0.08715574 0.9961947 1.479114e-31 2146.383 -9.884466e-32 -1.398286e-31 1 213.6875 0 0 0 1</matrix>
                        <instance_node url="#ID353" />
                    </node>
                    <node id="ID368" name="instance_222">
                        <matrix>0.9961947 -0.08715574 8.628166e-32 285.6201 0.08715574 0.9961947 1.479114e-31 738.2231 -9.884466e-32 -1.398286e-31 1 213.6875 0 0 0 1</matrix>
                        <instance_node url="#ID353" />
                    </node>
                    <node id="ID369" name="instance_223">
                        <matrix>0.9961947 -0.08715574 8.628166e-32 540.6173 0.08715574 0.9961947 1.479114e-31 484.0336 -9.884466e-32 -1.398286e-31 1 213.6875 0 0 0 1</matrix>
                        <instance_node url="#ID353" />
                    </node>
                    <node id="ID370" name="instance_224">
                        <matrix>0.9961947 -0.08715574 8.628166e-32 846.9921 0.08715574 0.9961947 1.479114e-31 284.7801 -9.884466e-32 -1.398286e-31 1 213.6875 0 0 0 1</matrix>
                        <instance_node url="#ID353" />
                    </node>
                    <node id="ID371" name="instance_225">
                        <matrix>0.9961947 -0.08715574 8.628166e-32 2242.161 0.08715574 0.9961947 1.479114e-31 2099.812 -9.884466e-32 -1.398286e-31 1 213.6875 0 0 0 1</matrix>
                        <instance_node url="#ID353" />
                    </node>
                    <node id="ID372" name="instance_226">
                        <matrix>0.9961947 -0.08715574 8.628166e-32 1983.513 0.08715574 0.9961947 1.479114e-31 2285.418 -9.884466e-32 -1.398286e-31 1 213.6875 0 0 0 1</matrix>
                        <instance_node url="#ID353" />
                    </node>
                    <node id="ID373" name="instance_227">
                        <matrix>0.9961947 -0.08715574 8.628166e-32 204.6064 0.08715574 0.9961947 1.479114e-31 1495.359 -9.884466e-32 -1.398286e-31 1 213.6875 0 0 0 1</matrix>
                        <instance_node url="#ID353" />
                    </node>
                    <node id="ID374" name="instance_228">
                        <matrix>0.9961947 -0.08715574 8.628166e-32 521.6625 0.08715574 0.9961947 1.479114e-31 1640.427 -9.884466e-32 -1.398286e-31 1 213.6875 0 0 0 1</matrix>
                        <instance_node url="#ID353" />
                    </node>
                    <node id="ID375" name="instance_229">
                        <matrix>0.9961947 -0.08715574 8.628166e-32 511.2389 0.08715574 0.9961947 1.479114e-31 805.0797 -9.884466e-32 -1.398286e-31 1 213.6875 0 0 0 1</matrix>
                        <instance_node url="#ID353" />
                    </node>
                    <node id="ID376" name="instance_230">
                        <matrix>0.9961947 -0.08715574 8.628166e-32 1148.136 0.08715574 0.9961947 1.479114e-31 179.8161 -9.884466e-32 -1.398286e-31 1 213.6875 0 0 0 1</matrix>
                        <instance_node url="#ID353" />
                    </node>
                    <node id="ID377" name="instance_231">
                        <matrix>-0.819152 -0.5735764 8.377077e-17 1969.095 0.5735764 -0.819152 2.301583e-16 258.5395 -6.339238e-17 2.365836e-16 1 213.6875 0 0 0 1</matrix>
                        <instance_node url="#ID353" />
                    </node>
                    <node id="ID378" name="instance_232">
                        <matrix>-0.819152 -0.5735764 8.377077e-17 1866.169 0.5735764 -0.819152 2.301583e-16 422.5095 -6.339238e-17 2.365836e-16 1 213.6875 0 0 0 1</matrix>
                        <instance_node url="#ID353" />
                    </node>
                    <node id="ID379" name="instance_233">
                        <matrix>0.9961947 -0.08715574 8.628166e-32 715.5555 0.08715574 0.9961947 1.479114e-31 2248.608 -9.884466e-32 -1.398286e-31 1 213.6875 0 0 0 1</matrix>
                        <instance_node url="#ID353" />
                    </node>
                    <node id="ID380" name="instance_234">
                        <matrix>0.9961947 -0.08715574 8.628166e-32 433.1327 0.08715574 0.9961947 1.479114e-31 2023.513 -9.884466e-32 -1.398286e-31 1 213.6875 0 0 0 1</matrix>
                        <instance_node url="#ID353" />
                    </node>
                    <node id="ID381" name="instance_235">
                        <matrix>0.9961947 -0.08715574 8.628166e-32 227.1489 0.08715574 0.9961947 1.479114e-31 1695.909 -9.884466e-32 -1.398286e-31 1 213.6875 0 0 0 1</matrix>
                        <instance_node url="#ID353" />
                    </node>
                    <node id="ID382" name="instance_236">
                        <matrix>0.9961947 -0.08715574 8.628166e-32 2441.193 0.08715574 0.9961947 1.479114e-31 1864.224 -9.884466e-32 -1.398286e-31 1 213.6875 0 0 0 1</matrix>
                        <instance_node url="#ID353" />
                    </node>
                    <node id="ID383" name="instance_237">
                        <matrix>-0.7071068 0.7071068 -6.339238e-17 1504.854 -0.7071068 -0.7071068 2.365836e-16 3201.416 1.224647e-16 2.12115e-16 1 8035.625 0 0 0 1</matrix>
                        <instance_node url="#ID217" />
                    </node>
                </node>
            </node>
        </visual_scene>
    </library_visual_scenes>
    <library_geometries>
        <geometry id="ID5">
            <mesh>
                <source id="ID11">
                    <float_array id="ID15" count="726">8.970704 961.3856 9.094947e-13 6.502534 726.5917 2.728484e-12 2.610957 815.7234 2.728484e-12 46.98501 543.987 1.818989e-12 16.31257 994.5026 9.094947e-13 74.74658 1179.832 3.637979e-12 85.31877 470.3486 9.094947e-13 191.3843 1362.916 3.637979e-12 189.7284 306.4583 9.094947e-13 349.7775 159.8003 9.094947e-13 351.4335 1509.574 1.818989e-12 542.3311 59.56325 9.094947e-13 543.987 1609.811 1.818989e-12 754.2667 12.57824 9.094947e-13 755.9227 1656.796 1.818989e-12 971.1415 22.0472 0 972.7975 1647.327 9.094947e-13 1178.176 87.32483 0 1179.832 1582.05 9.094947e-13 1361.26 203.9626 9.094947e-13 1362.916 1465.412 9.094947e-13 1507.918 364.0117 4.547474e-12 1505.835 1309.443 9.094947e-13 1514.666 1295.582 9.094947e-13 1605.6 551.6564 4.547474e-12 1598.857 1133.853 0 1620.042 1066.662 0 1610.542 567.3302 3.637979e-12 1650.006 745.3393 0 1647.537 942.638 -9.094947e-13 1653.079 815.7234 -9.094947e-13 1653.079 815.7234 -9.094947e-13 1647.537 942.638 -9.094947e-13 1650.006 745.3393 0 1620.042 1066.662 0 1610.542 567.3302 3.637979e-12 1605.6 551.6564 4.547474e-12 1598.857 1133.853 0 1514.666 1295.582 9.094947e-13 1507.918 364.0117 4.547474e-12 1505.835 1309.443 9.094947e-13 1362.916 1465.412 9.094947e-13 1361.26 203.9626 9.094947e-13 1179.832 1582.05 9.094947e-13 1178.176 87.32483 0 972.7975 1647.327 9.094947e-13 971.1415 22.0472 0 755.9227 1656.796 1.818989e-12 754.2667 12.57824 9.094947e-13 543.987 1609.811 1.818989e-12 542.3311 59.56325 9.094947e-13 351.4335 1509.574 1.818989e-12 349.7775 159.8003 9.094947e-13 191.3843 1362.916 3.637979e-12 189.7284 306.4583 9.094947e-13 85.31877 470.3486 9.094947e-13 74.74658 1179.832 3.637979e-12 46.98501 543.987 1.818989e-12 16.31257 994.5026 9.094947e-13 8.970704 961.3856 9.094947e-13 6.502534 726.5917 2.728484e-12 2.610957 815.7234 2.728484e-12 189.7284 306.4583 9.094947e-13 147.222 351.4335 1.818989e-12 85.31877 470.3486 9.094947e-13 293.8801 191.3843 9.094947e-13 349.7775 159.8003 9.094947e-13 476.9647 74.74658 0 542.3311 59.56325 9.094947e-13 683.9988 9.468957 0 754.2667 12.57824 9.094947e-13 900.8736 4.547474e-13 0 971.1415 22.0472 0 1112.809 46.98501 0 1178.176 87.32483 0 1305.363 147.222 9.094947e-13 1361.26 203.9626 9.094947e-13 1465.412 293.8801 7.275958e-12 1507.918 364.0117 4.547474e-12 1582.05 476.9647 7.275958e-12 1605.6 551.6564 4.547474e-12 1605.6 551.6564 4.547474e-12 1507.918 364.0117 4.547474e-12 1582.05 476.9647 7.275958e-12 1465.412 293.8801 7.275958e-12 1361.26 203.9626 9.094947e-13 1305.363 147.222 9.094947e-13 1178.176 87.32483 0 1112.809 46.98501 0 971.1415 22.0472 0 900.8736 4.547474e-13 0 754.2667 12.57824 9.094947e-13 683.9988 9.468957 0 542.3311 59.56325 9.094947e-13 476.9647 74.74658 0 349.7775 159.8003 9.094947e-13 293.8801 191.3843 9.094947e-13 189.7284 306.4583 9.094947e-13 147.222 351.4335 1.818989e-12 85.31877 470.3486 9.094947e-13 6.502534 726.5917 2.728484e-12 1.136868e-12 755.9227 1.818989e-12 2.610957 815.7234 2.728484e-12 2.610957 815.7234 2.728484e-12 1.136868e-12 755.9227 1.818989e-12 6.502534 726.5917 2.728484e-12 3.410605e-13 755.9227 39 2.610957 815.7234 2.728484e-12 1.136868e-12 755.9227 1.818989e-12 9.468957 972.7975 39 8.970704 961.3856 9.094947e-13 9.468957 972.7975 1.818989e-12 9.468957 972.7975 1.818989e-12 9.468957 972.7975 39 8.970704 961.3856 9.094947e-13 2.610957 815.7234 2.728484e-12 3.410605e-13 755.9227 39 1.136868e-12 755.9227 1.818989e-12 1514.666 1295.582 9.094947e-13 1505.835 1309.443 9.094947e-13 1509.574 1305.363 9.094947e-13 1509.574 1305.363 9.094947e-13 1505.835 1309.443 9.094947e-13 1514.666 1295.582 9.094947e-13 1602.364 1127.115 0 1620.042 1066.662 0 1598.857 1133.853 0 1609.811 1112.809 0 1609.811 1112.809 0 1602.364 1127.115 0 1620.042 1066.662 0 1598.857 1133.853 0 1647.537 942.638 -9.094947e-13 1656.796 900.8736 39 1656.796 900.8736 9.094947e-13 1609.811 1112.809 39 1620.042 1066.662 0 1609.811 1112.809 0 1609.811 1112.809 0 1620.042 1066.662 0 1609.811 1112.809 39 1647.537 942.638 -9.094947e-13 1656.796 900.8736 39 1656.796 900.8736 9.094947e-13 1656.796 900.8736 9.094947e-13 1653.079 815.7234 -9.094947e-13 1647.537 942.638 -9.094947e-13 1647.537 942.638 -9.094947e-13 1653.079 815.7234 -9.094947e-13 1656.796 900.8736 9.094947e-13 1650.006 745.3393 0 1647.327 683.9988 39 1647.327 683.9988 6.366463e-12 1653.079 815.7234 -9.094947e-13 1653.079 815.7234 -9.094947e-13 1650.006 745.3393 0 1647.327 683.9988 39 1647.327 683.9988 6.366463e-12 1650.006 745.3393 0 1630.333 630.0988 6.366463e-12 1610.542 567.3302 3.637979e-12 1647.327 683.9988 6.366463e-12 1647.327 683.9988 6.366463e-12 1650.006 745.3393 0 1630.333 630.0988 6.366463e-12 1610.542 567.3302 3.637979e-12 1112.809 46.98501 39 900.8736 4.547474e-13 0 1112.809 46.98501 0 900.8736 9.094947e-13 39 900.8736 9.094947e-13 39 1112.809 46.98501 39 900.8736 4.547474e-13 0 1112.809 46.98501 0 683.9988 9.468957 0 683.9988 9.468957 39 683.9988 9.468957 39 683.9988 9.468957 0 476.9647 74.74658 0 476.9647 74.74658 39 476.9647 74.74658 39 476.9647 74.74658 0 46.98501 543.987 39 9.468957 972.7975 39 3.410605e-13 755.9227 39 74.74658 1179.832 39 147.222 351.4335 39 191.3843 1362.916 39 293.8801 191.3843 39 351.4335 1509.574 39 476.9647 74.74658 39 543.987 1609.811 39 683.9988 9.468957 39 755.9227 1656.796 39 900.8736 9.094947e-13 39 972.7975 1647.327 39 1112.809 46.98501 39 1179.832 1582.05 39 1305.363 147.222 39 1362.916 1465.412 39 1465.412 293.8801 39 1509.574 1305.363 39 1582.05 476.9647 39 1602.364 1127.115 39 1630.333 630.0988 39 1609.811 1112.809 39 1656.796 900.8736 39 1647.327 683.9988 39 1647.327 683.9988 39 1630.333 630.0988 39 1656.796 900.8736 39 1609.811 1112.809 39 1602.364 1127.115 39 1582.05 476.9647 39 1509.574 1305.363 39 1465.412 293.8801 39 1362.916 1465.412 39 1305.363 147.222 39 1179.832 1582.05 39 1112.809 46.98501 39 972.7975 1647.327 39 900.8736 9.094947e-13 39 755.9227 1656.796 39 683.9988 9.468957 39 543.987 1609.811 39 476.9647 74.74658 39 351.4335 1509.574 39 293.8801 191.3843 39 191.3843 1362.916 39 147.222 351.4335 39 74.74658 1179.832 39 46.98501 543.987 39 9.468957 972.7975 39 3.410605e-13 755.9227 39 1602.364 1127.115 0 1602.364 1127.115 39 1602.364 1127.115 39 1602.364 1127.115 0 1630.333 630.0988 39 1630.333 630.0988 6.366463e-12 1630.333 630.0988 39 1630.333 630.0988 6.366463e-12</float_array>
                    <technique_common>
                        <accessor count="242" source="#ID15" stride="3">
                            <param name="X" type="float" />
                            <param name="Y" type="float" />
                            <param name="Z" type="float" />
                        </accessor>
                    </technique_common>
                </source>
                <source id="ID12">
